0.053387 108
36.721807 1
0.092789 1
0.222182 1
0.135013 1
28.790171 4
0.179809 4
0.155111 4
0.167947 4
1.019995 1
0.137933 1
0.102028 1
3.118072 11
0.010161 44
0.000425 8
0.000079 100
2.052342 1
0.117047 1
0.420896 11
0.009897 72
0.000424 8
0.000174 100
43.364797 1
0.846763 1
0.133902 1
0.375029 2
0.000200 9
0.103847 70
0.007664 8
0.000068 100
1.552129 1
0.577077 1
0.152978 1
0.294056 1
1.538076 1
0.299919 1
0.313936 1
0.199949 1
0.066080 1
0.164916 1
0.708110 1
0.130977 1
0.370978 1
0.206044 11
0.103151 70
0.007005 108
8.681800 1
0.261043 1
0.230990 1
0.245963 1
0.143951 1
0.182988 1
0.054091 1
0.098924 1
0.070942 1
0.148094 1
0.420043 1
0.186021 1
0.154949 1
0.286014 1
0.463096 4
0.131831 1
0.140099 1
0.395975 11
0.172966 29
0.029540 64
0.001542 64
0.002269 66
0.010380 70
0.000063 33
0.000651 37
0.014225 167
0.000130 319
0.000164 212
0.127815 164
0.001183 319
0.025776 65
0.025137 103
0.000539 31
3.114605 1
0.291039 2
0.042327 22
0.185137 116
0.001074 47
0.090194 60
0.071680 108
0.000857 42
0.377616 164
0.000917 44
0.008177 57
0.000120 152
0.463165 55
0.000277 152
0.001441 56
0.000124 117
0.000431 54
0.026598 68
0.000227 178
0.001506 70
0.000124 165
0.001719 61
0.000201 162
0.002996 59
0.000137 165
0.001685 61
0.000129 121
0.000465 50
0.000484 76
0.000134 173
0.180007 60
0.000387 165
0.009405 60
0.000156 161
0.130784 60
0.000287 165
0.008899 60
0.000136 172
0.002188 64
0.000130 171
0.135054 77
0.000281 168
0.500847 45
0.347419 74
0.000281 136
0.000854 55
0.000359 126
0.000383 52
0.001635 66
0.000171 115
0.019555 112
0.000490 50
0.000496 144
0.001083 153
0.000490 141
0.000805 150
0.000386 89
0.022494 242
0.000528 89
0.057586 151
0.000313 240
0.149508 214
0.001034 115
0.129359 71
0.000304 163
0.001205 55
0.000158 172
0.002097 80
0.000119 155
0.002313 66
0.000197 156
0.000918 60
0.000134 158
0.002405 64
0.000150 160
0.001068 62
0.000114 151
0.002544 60
0.000086 105
0.000519 46
0.001804 60
0.000130 161
0.001255 73
0.055402 122
0.001045 44
0.001505 58
0.003182 127
0.000492 52
0.001106 66
0.000151 164
0.035247 79
0.000214 35
0.031495 165
0.000576 102
0.000722 8
0.000068 100
11.209525 104
0.023289 104
0.019925 104
0.021815 104
0.043449 104
0.058804 104
0.031583 104
0.021448 104
0.018311 104
0.023416 104
0.020053 104
0.017531 104
0.023692 104
0.049478 104
0.059547 104
0.029145 104
0.025598 104
0.026783 104
0.118654 104
0.039459 104
0.037926 104
0.037526 104
0.063514 104
0.034282 104
0.322267 104
0.027312 104
0.022196 104
0.016390 104
0.021826 104
0.018715 104
0.017320 104
0.015617 104
0.018440 104
0.024884 104
0.243332 104
0.015110 104
0.018040 104
0.014809 104
0.019641 104
0.018878 104
0.019063 104
0.021775 104
0.021828 104
0.022539 104
0.015967 104
0.020312 104
0.023730 104
0.022468 104
0.027291 104
0.024013 104
0.025921 104
0.016337 104
0.019290 104
0.022043 104
0.019937 104
0.018041 104
0.022132 104
0.020278 104
0.029674 104
0.035887 104
0.024731 104
0.261761 104
0.022490 104
0.019308 104
0.017369 104
0.019649 104
0.015370 104
0.016831 104
0.019744 104
0.016726 104
0.018956 104
0.054786 104
0.171923 104
0.015370 104
0.015939 104
0.014991 104
0.025974 104
0.027143 104
0.027742 104
0.058828 104
0.032428 104
0.020746 104
0.148588 104
0.017822 104
0.017656 104
0.013674 104
0.017660 104
0.014918 104
0.017735 104
0.017496 104
0.017552 104
0.015197 104
0.017914 104
0.016024 104
0.019243 104
0.021657 104
0.016990 104
0.017856 104
0.019136 104
0.015884 104
0.034253 104
0.022233 104
0.023979 104
0.875567 104
20.797603 1
0.345062 1
0.151878 1
0.785039 1
0.444995 4
0.241027 1
0.234031 1
0.142928 1
0.075000 1
0.325050 1
2.347013 1
0.298037 1
0.114859 1
0.107980 1
0.131085 1
0.100931 1
0.412070 11
0.217079 13
0.146102 70
0.000380 124
0.006840 95
0.000157 270
0.000253 68
0.013746 104
0.213561 49
0.249612 13
0.009267 94
0.000074 34
0.407502 36
0.403893 36
0.408052 37
0.070984 123
0.000371 67
0.328988 104
0.002826 82
0.041824 141
0.028379 146
0.000247 74
0.073898 133
0.000315 216
0.000113 94
0.024399 162
0.029372 104
0.000190 59
0.012727 140
0.000175 97
0.236051 185
0.000289 182
0.000115 103
0.052038 191
0.000298 179
0.000114 96
0.139696 162
0.000221 158
0.000093 103
0.036672 191
0.000231 289
0.001768 170
0.000068 159
0.000077 98
0.002437 164
0.000108 158
0.000065 103
0.000723 169
0.000088 164
0.000056 101
0.001107 167
0.279657 165
0.000331 151
0.035824 114
0.000227 190
0.030179 107
0.000173 132
0.000068 65
0.014608 114
0.000103 138
0.000143 66
0.001135 93
0.000065 112
0.000084 59
0.068616 108
0.001510 134
0.000100 64
0.016769 163
0.000099 156
0.001266 93
0.000102 118
0.000058 58
0.037631 85
0.000241 185
0.005240 115
0.000088 138
0.000121 59
0.038071 108
0.000255 206
0.009677 116
0.000093 144
0.000078 66
0.001455 93
0.000174 118
0.000065 60
0.001334 87
0.000105 118
0.000068 66
0.001147 93
0.000141 123
0.000068 64
0.000813 91
0.000086 114
0.000057 60
0.000739 87
0.000092 114
0.000063 66
0.000822 115
0.000099 141
0.000069 64
0.000694 91
0.000090 125
0.000069 64
0.000765 91
0.000091 118
0.000085 60
0.001137 87
0.000279 118
0.000176 66
0.000976 93
0.006945 123
0.000112 64
0.000855 91
0.000086 125
0.000882 64
0.000120 91
0.349704 41
0.000202 27
0.042950 41
0.000192 34
0.016378 48
0.000152 28
0.019004 42
0.000149 34
0.017936 48
0.000151 34
0.006591 48
0.000195 28
0.007179 42
0.000156 34
0.006215 48
0.000187 34
0.006102 48
0.000168 33
0.500839 33
0.063260 47
0.000228 34
0.036865 48
0.000092 28
0.038487 42
0.000291 34
0.021557 48
0.000100 34
0.011317 48
0.000099 28
0.069749 42
0.000145 34
0.027519 48
0.000111 34
0.104429 48
0.000218 28
0.046036 42
0.000165 34
0.020322 48
0.000077 28
0.038938 42
0.000248 34
0.019884 48
0.000104 34
0.020432 48
0.000078 28
0.008688 42
0.000186 34
0.008381 48
0.000132 34
0.009798 48
0.000113 28
0.006899 42
0.000131 34
0.006526 48
0.000133 34
0.006153 48
0.000087 34
0.005917 48
0.000072 28
0.010619 42
0.000128 34
0.007418 49
0.000125 35
0.006912 50
0.000117 35
0.006197 66
0.000278 35
5.671971 29
0.042404 29
0.005366 29
0.035814 29
0.000150 29
0.006222 29
0.000099 29
0.004546 29
0.000058 29
0.000876 29
0.000080 29
0.451572 30
0.000269 30
0.057378 30
0.000228 30
0.007226 30
0.000066 30
0.011604 30
0.000178 30
0.018541 30
0.000071 30
0.003335 30
0.000093 30
0.009553 30
0.000061 30
0.001919 30
0.000073 30
0.010163 30
0.000064 30
0.001168 30
0.000091 30
0.000820 30
0.000098 30
0.008489 30
0.000080 30
0.001011 30
0.000108 30
0.001712 30
0.000111 30
0.001175 30
0.000126 30
0.011385 30
0.000055 30
0.004220 30
0.000086 30
0.001972 30
0.000079 30
0.005450 30
0.000086 30
0.002002 30
0.000063 30
0.002137 30
0.000109 30
0.000693 30
0.000079 30
0.000637 30
0.000132 30
0.083786 30
0.000175 30
0.087699 33
0.036078 108
4.477888 1
0.267917 1
0.134019 1
0.095890 1
0.139443 1
0.151958 1
0.102778 1
0.390035 4
0.385984 4
0.167956 4
0.780221 1
0.140714 1
0.139012 1
0.171038 1
0.083022 1
0.146898 1
0.125045 1
0.147026 1
0.075081 1
0.287952 11
0.114312 70
0.009369 8
0.000096 100
2.050271 1
0.118893 1
0.162011 1
0.191099 1
0.239002 1
0.172916 1
0.090943 1
0.109158 1
0.055827 1
0.151026 1
0.134041 1
0.096902 1
0.138049 1
0.202024 1
0.119010 1
0.280065 11
0.191660 29
0.044283 64
0.008751 64
0.025549 66
0.111776 70
0.000278 33
0.000364 37
0.189357 54
0.000383 233
0.000542 193
0.000923 209
0.134482 47
0.000351 237
0.000470 193
0.038796 66
0.028549 111
0.000644 31
1.524743 1
0.205077 2
0.021244 23
0.102810 124
0.002104 50
0.187648 116
0.638881 40
0.267709 43
0.089767 16
0.117444 83
0.233506 25
0.019452 26
0.019418 26
0.021288 26
0.021349 26
0.023719 26
0.024996 26
0.022246 26
0.021094 26
0.003676 78
0.002517 282
0.004037 337
0.008158 52
0.059008 266
0.094995 57
0.006696 64
0.018682 45
0.076924 266
0.110723 56
0.006467 64
0.000641 266
0.009083 45
0.151930 49
0.006700 66
0.000783 266
0.008360 41
0.345350 46
0.005988 66
0.000776 266
0.007850 39
0.082822 266
0.095728 60
0.006290 71
0.009969 48
0.250583 266
0.100507 60
0.005478 76
0.000916 266
0.008156 53
0.268508 57
0.006065 72
0.001330 266
0.008361 53
0.142912 57
0.005986 72
0.001155 266
0.008578 53
0.050888 266
0.091352 56
0.005918 71
0.009672 52
0.048958 266
0.094953 59
0.006679 74
0.001231 266
0.008221 55
0.139815 57
0.007261 68
0.001259 266
0.008374 49
0.200707 57
0.005854 72
0.001408 266
0.008396 53
0.068776 266
0.095644 57
0.005784 68
0.010877 49
0.106474 266
0.105433 58
0.006689 73
0.001194 264
0.000053 2
0.008279 54
0.157460 61
0.006331 76
0.001756 266
0.008471 57
0.135074 62
0.006233 73
0.000740 266
0.008009 54
1.028371 266
0.091489 49
0.005981 66
0.008428 41
0.663342 266
0.094304 46
0.005972 66
0.008676 39
0.127163 266
0.093079 55
0.006051 71
0.000742 264
0.000053 2
0.008564 46
0.150997 63
0.006125 70
0.000728 266
0.008414 51
5.566521 266
0.115687 61
0.006151 68
0.009122 47
0.107054 266
0.086192 55
0.006247 70
0.008610 45
0.191405 266
0.086240 61
0.005971 72
0.000720 266
0.008196 53
0.551145 59
0.006293 67
0.000916 266
0.008406 48
0.136857 266
0.095608 58
0.006161 68
0.009051 49
2.832354 266
0.088305 65
0.006822 76
0.004621 57
4.696307 266
0.122047 49
0.006851 66
0.000726 266
0.007740 41
0.372054 46
0.006341 66
0.000729 264
0.000063 2
0.007750 39
0.052223 266
0.094117 63
0.006645 75
0.009525 56
0.063080 266
0.102675 63
0.007453 72
0.009737 53
0.071037 266
0.089460 57
0.006124 64
0.000739 264
0.000051 2
0.008235 45
0.142189 60
0.006360 61
0.001153 264
0.000065 2
0.008081 42
0.154124 57
0.006314 65
0.001181 266
0.008003 46
0.058392 266
0.094097 57
0.005991 59
0.009403 40
0.071905 266
0.092004 57
0.006331 59
0.001239 266
0.007987 40
0.159980 56
0.007146 69
0.001689 266
0.009725 48
0.154523 55
0.006380 64
0.001079 266
0.008959 45
0.072085 266
0.091200 56
0.006854 72
0.009066 47
0.092294 266
0.088948 55
0.006055 67
0.000740 264
0.000056 2
0.008142 44
6.648960 53
0.008902 266
0.014970 45
0.007864 266
0.007828 266
0.008395 49
0.016087 266
0.007506 43
0.008624 266
0.015204 52
0.008675 266
0.015756 54
0.008622 266
0.008018 266
0.007498 47
0.017482 266
0.007742 50
0.008718 266
0.015172 54
0.007816 266
0.015768 46
0.008006 266
0.007928 266
0.007759 58
0.016685 266
0.007668 46
0.017877 266
0.008167 56
0.009070 266
0.016444 49
0.118119 266
0.007782 266
0.007786 54
0.018228 266
0.008001 41
0.017278 266
0.007592 55
0.009632 266
0.016058 49
0.007905 266
0.007820 266
0.007898 48
0.015918 266
0.007901 46
0.018135 266
0.007709 47
0.008325 266
0.016476 54
0.009332 266
0.008098 266
0.008412 54
0.017764 266
0.008180 53
0.016231 266
0.007473 50
0.008295 266
0.015987 46
0.008008 266
0.014887 42
0.007707 266
0.007630 266
0.007386 54
0.399456 266
0.007518 55
0.008185 266
0.015761 42
0.007712 266
0.015141 40
0.008194 266
0.055452 266
0.007551 50
0.016264 266
0.007946 41
0.008541 266
0.015816 57
0.009037 266
0.016004 40
0.008381 266
0.113346 266
0.007950 46
0.016300 266
0.007603 58
0.008446 266
0.014793 48
0.007900 266
0.015297 42
0.007998 266
0.008380 266
0.007429 40
0.790475 84
0.014323 266
0.008490 47
10.594071 56
0.797095 20
0.606867 238
0.000282 238
0.005012 238
0.000683 238
0.038131 238
0.000314 238
0.000329 238
0.000369 238
0.000316 238
0.000763 238
0.000585 238
0.000261 476
0.000081 239
0.000362 238
0.000079 238
0.443694 238
0.431655 239
0.006718 238
0.000115 238
0.036593 238
0.000250 239
0.007366 238
0.000091 241
0.000162 49
0.000107 51
0.000649 37
0.000602 81
0.000554 56
0.055084 54
0.048749 2
0.002174 76
2.832527 8
0.000078 100
21.013228 1
0.317002 1
0.132962 1
0.109950 1
0.105101 1
0.204905 1
0.094162 1
0.363865 4
0.172954 4
0.406088 4
0.158006 1
0.140972 1
0.407990 1
0.199998 1
0.070076 1
0.144929 1
0.136012 1
0.152013 1
0.088074 1
0.202867 11
0.014094 244
0.000346 8
0.000062 100
33.847722 1
0.200848 1
21.090089 1
0.361931 1
0.146943 1
0.347009 1
0.875008 1
0.079063 1
0.280945 1
0.452005 1
0.182975 1
0.232936 1
0.326995 1
0.262083 1
0.142996 1
0.214988 11
0.025198 116
0.001382 8
0.000070 100
28.181567 1
1.016817 1
0.142147 1
0.352730 1
0.162021 1
0.107034 1
0.108860 1
0.054145 1
0.233144 1
0.144910 1
0.137863 1
0.129039 1
0.186145 11
1.237242 108
3.713706 1
0.097018 1
0.109942 1
0.066028 1
0.187930 11
0.143139 250
0.008415 108
20.074520 1
0.642934 11
0.105491 22
0.006285 108
32.008645 7
0.718670 11
0.008439 12
0.000408 8
0.000058 100
98.708335 1
0.182608 1
0.187027 1
1.038003 1
0.256107 1
0.206865 1
0.201036 1
0.095959 1
3.947067 11
0.097652 575
0.031736 69
0.000596 8
0.000067 100
1779.828345 104
2.516846 1
0.000181 27
0.711027 11
0.000178 8
0.000087 2
12.526672 1
0.182921 1
0.103063 1
0.163029 1
0.111895 11
0.000186 10
2.037353 31
1.711616 11
0.000220 10
0.957689 1
0.256006 11
0.000174 10
0.241796 11
0.000232 10
0.457765 11
0.000226 10
1.511761 1
0.087010 1
0.082038 1
0.222894 1
0.219222 1
0.130333 1
0.104510 1
0.241110 1
0.100795 1
0.192155 1
0.151868 1
0.130076 1
0.134044 1
0.152981 1
0.123067 1
0.149905 1
0.111124 1
0.268920 1
0.340073 11
0.000248 8
0.000084 2
0.349564 1
0.617069 4
0.144908 1
0.169023 1
3.481190 11
0.000598 97
0.000085 8