0.054442 130
3.244582 1
0.761380 1
0.144784 1
0.230024 1
0.902101 1
0.712003 1
0.436014 4
0.166952 1
3.925975 1
1.820030 1
0.939937 1
0.162984 1
0.078791 1
0.307231 1
0.315992 1
0.218359 11
1.899511 1
0.121930 1
0.130024 1
0.056979 1
0.198739 7
1.421439 11
0.480279 8
0.000119 122
1.119861 1
0.187664 1
0.237883 1
0.391099 1
0.702182 4
1.591882 11
0.007977 32
0.000450 8
0.000164 122
3.251432 1
0.314807 1
0.167977 1
0.155064 1
1.206170 1
0.204812 1
2.094008 1
0.400076 1
0.611817 1
0.230246 1
0.789868 1
0.482898 4
0.247142 1
0.195883 1
0.235997 1
0.133543 11
2.046479 1
0.385066 1
0.258833 1
0.119015 1
0.222624 7
0.934544 11
0.409140 130
1.114892 1
0.155824 1
0.208050 1
2.446036 1
0.143781 1
1.019168 1
0.424089 1
0.187690 2
0.001073 9
0.007195 93
0.000442 8
0.000069 122
2.321475 1
0.362304 1
0.135544 1
0.623993 1
0.174032 1
0.243009 1
0.328089 1
1.011606 1
2.598314 1
0.083898 1
0.138971 1
0.113912 1
0.244194 1
0.504038 1
0.105801 1
0.084108 1
0.175057 1
0.549044 1
0.460111 1
0.200119 11
1.158757 1
0.128923 1
0.196444 7
0.745636 1
0.283433 7
0.976614 11
0.646705 130
0.691286 1
0.248966 1
1.636970 4
0.154873 4
0.639113 1
0.163932 1
0.419113 1
0.222515 9
0.813460 11
0.008240 17
1.884673 1
0.122713 1
0.163199 1
0.736065 1
0.266006 2
0.000600 52
2.588417 1
0.389992 2
0.001166 46
3.947733 1
0.585069 3
0.225870 1
0.085740 1
0.321349 2
0.000888 32
0.000118 130
4.522972 1
1.813945 1
0.139979 1
0.246915 1
0.572160 1
0.256007 1
0.186925 1
1.912841 1
0.203084 1
0.104010 1
0.205124 1
0.249769 1
0.203228 1
0.151878 1
0.100046 1
0.741259 1
0.598790 1
0.366981 1
0.183325 11
0.822671 1
0.137968 1
0.156194 7
0.304907 1
0.499515 7
0.754335 2
0.001175 9
0.429619 8
0.000125 122
2.311094 1
0.167077 1
0.100790 1
0.172081 1
0.203899 4
0.163082 4
0.157013 4
0.108188 4
0.688805 1
0.178359 1
0.693737 1
0.509968 1
0.246016 1
0.247213 7
0.827789 1
0.240000 1
0.683988 1
9.853219 2
0.000362 101
0.000243 99
0.000300 214
4.979749 11
0.008596 59
2.561239 1
0.187934 1
1.256981 3
0.188071 3
0.607090 1
0.018688 1
0.136258 1
0.480049 3
0.160443 3
0.190496 3
1.242021 1
0.073970 1
0.088826 1
0.305108 2
0.000333 57
0.000629 8
0.000067 122
5.025109 1
0.330946 1
0.157929 1
0.328024 1
0.909029 1
0.722293 4
0.212822 4
0.371939 4
0.298900 4
0.274062 4
0.307976 1
0.427823 1
0.532144 1
0.257152 1
0.003707 1
0.514172 4
0.343983 1
0.291227 1
2.235763 1
0.094922 1
0.147844 1
0.123056 1
0.573099 4
0.636078 1
0.087882 1
0.064189 1
0.529080 1
0.118862 11
1.153963 1
0.343237 2
0.868824 1
0.598955 4
0.137369 1
0.197179 8
1.128421 2
0.000189 9
0.112386 23
0.007000 8
0.000098 122
2.069251 1
0.220047 1
0.137862 1
0.168993 1
0.150078 1
0.554968 4
0.220990 1
0.191028 1
0.199939 1
0.935993 1
0.164012 1
0.146171 1
0.287977 1
0.158789 1
0.315179 1
0.587329 11
1.204606 1
0.245860 1
0.123978 1
0.167480 8
0.593745 11
0.496024 8
0.000130 122
8.483885 1
0.179694 1
0.131957 1
0.293741 1
1.313462 1
1.511032 4
0.153878 4
0.148976 4
0.350110 4
0.321956 1
0.163953 1
0.093754 1
0.479262 1
0.203286 2
0.702940 1
0.174574 1
0.148272 2
1.024932 11
2.743755 1
1.335125 3
0.125783 1
0.098105 1
0.166024 1
0.157964 1
0.143136 1
0.103867 1
0.610152 1
0.099810 1
0.146105 1
0.380889 1
0.082012 1
0.090962 1
0.096904 1
0.090143 1
0.120974 1
0.129120 1
0.121023 1
0.167090 1
0.775306 3
1.034515 2
0.426948 2
0.000508 2
0.000631 8
0.000117 122
1.661956 1
0.214983 1
0.150827 1
0.135045 1
1.034192 11
0.001032 6
